local allowedUserIds = {
    1478666809,
    1097473426,
    987654321,
    5335356451,
    7139912230,
    3081276379,
    5762885329,
    8175957256,
    2452591000,
    6010246054,
    4559416757,
    5032890679,
    408044195,
    7210672314,
    8254390969,
    6145321063,
    7475945150,
    7922739638,
    1234567890,
    1122334455,
    4229542697,
    2642557258,
    2309593062,
    3442397654,
    3898511662,
    4604351765,
    1895672052,
    174979294,
    2504593763,
    2689328143,
8276923588,
    7024988165
}
-- 3
